6.877869367599487305e-01 1.774914026260375977e+00 5.703125000000000000e-01 0.000000000000000000e+00
8.623266220092773438e-01 4.107570648193359375e-01 5.000000000000000000e-01 1.000000000000000000e+00
7.502163052558898926e-01 7.598749995231628418e-01 5.000000000000000000e-01 0.000000000000000000e+00
6.902262568473815918e-01 7.452561855316162109e-01 5.000000000000000000e-01 0.000000000000000000e+00
6.795372962951660156e-01 7.536047697067260742e-01 5.078125000000000000e-01 0.000000000000000000e+00
6.694963574409484863e-01 7.434687018394470215e-01 5.078125000000000000e-01 4.687500000000000000e-02
6.387649774551391602e-01 4.472749233245849609e-01 5.546875000000000000e-01 1.000000000000000000e+00
5.596636533737182617e-01 2.963558197021484375e+00 9.843750000000000000e-01 0.000000000000000000e+00
1.514675140380859375e+00 7.440648227930068970e-02 5.000000000000000000e-01 1.000000000000000000e+00
6.449003219604492188e-01 4.850709140300750732e-01 5.000000000000000000e-01 9.843750000000000000e-01
5.494087934494018555e-01 2.279283553361892700e-01 8.437500000000000000e-01 1.000000000000000000e+00
4.105727672576904297e-01 1.713365316390991211e-02 9.921875000000000000e-01 1.000000000000000000e+00
2.016567885875701904e-01 3.765088040381669998e-04 1.000000000000000000e+00 1.000000000000000000e+00
6.721834093332290649e-02 1.793633418856188655e-04 1.000000000000000000e+00 1.000000000000000000e+00
2.278519980609416962e-02 2.874855817935895175e-05 1.000000000000000000e+00 1.000000000000000000e+00
1.073220185935497284e-02 1.312716631218791008e-05 1.000000000000000000e+00 1.000000000000000000e+00
5.615626927465200424e-03 3.864743575832108036e-06 1.000000000000000000e+00 1.000000000000000000e+00
3.752354066818952560e-03 2.622548890940379351e-06 1.000000000000000000e+00 1.000000000000000000e+00
3.134386381134390831e-03 8.614578632659686264e-07 1.000000000000000000e+00 1.000000000000000000e+00
1.869781175628304482e-03 9.882032827590592206e-07 1.000000000000000000e+00 1.000000000000000000e+00
1.291778637096285820e-03 4.592483264787006192e-07 1.000000000000000000e+00 1.000000000000000000e+00
1.064084004610776901e-03 2.988448670748766745e-07 1.000000000000000000e+00 1.000000000000000000e+00
9.502180619165301323e-04 7.557555363746359944e-07 1.000000000000000000e+00 1.000000000000000000e+00
8.118799887597560883e-04 2.985042897307721432e-07 1.000000000000000000e+00 1.000000000000000000e+00
6.217875052243471146e-04 4.974353942088782787e-07 1.000000000000000000e+00 1.000000000000000000e+00
5.120661226101219654e-04 3.489069229090091540e-07 1.000000000000000000e+00 1.000000000000000000e+00
5.013312911614775658e-04 1.671114659984596074e-07 1.000000000000000000e+00 1.000000000000000000e+00
4.389584646560251713e-04 1.456542406685912283e-07 1.000000000000000000e+00 1.000000000000000000e+00
3.668667923193424940e-04 1.259567881106704590e-07 1.000000000000000000e+00 1.000000000000000000e+00
3.282110847067087889e-04 4.658790544453950133e-07 1.000000000000000000e+00 1.000000000000000000e+00
2.928057510871440172e-04 8.345601543169323122e-08 1.000000000000000000e+00 1.000000000000000000e+00
3.106253279838711023e-04 3.166130824183710502e-08 1.000000000000000000e+00 1.000000000000000000e+00
2.343763626413419843e-04 9.116625676597323036e-08 1.000000000000000000e+00 1.000000000000000000e+00
2.178468566853553057e-04 5.774368716515709821e-08 1.000000000000000000e+00 1.000000000000000000e+00
2.159877039957791567e-04 1.463609322627235088e-07 1.000000000000000000e+00 1.000000000000000000e+00
2.086766471620649099e-04 1.021592055394648924e-07 1.000000000000000000e+00 1.000000000000000000e+00
1.651510101510211825e-04 1.932184119368685060e-07 1.000000000000000000e+00 1.000000000000000000e+00
1.927143312059342861e-04 3.432987227824924048e-08 1.000000000000000000e+00 1.000000000000000000e+00
1.748137146933004260e-04 3.471842902058597247e-08 1.000000000000000000e+00 1.000000000000000000e+00
1.480914943385869265e-04 3.423569694405159680e-08 1.000000000000000000e+00 1.000000000000000000e+00
1.241048157680779696e-04 6.225917559277149849e-08 1.000000000000000000e+00 1.000000000000000000e+00
1.225611486006528139e-04 1.834485807705732441e-08 1.000000000000000000e+00 1.000000000000000000e+00
1.104816328734159470e-04 8.292645503615858615e-08 1.000000000000000000e+00 1.000000000000000000e+00
1.116489438572898507e-04 2.094922848527858150e-07 1.000000000000000000e+00 1.000000000000000000e+00
8.869690645951777697e-05 6.307347977241306580e-09 1.000000000000000000e+00 1.000000000000000000e+00
1.024354278342798352e-04 4.902309669319038221e-09 1.000000000000000000e+00 1.000000000000000000e+00
9.722417598823085427e-05 8.945776563962226646e-09 1.000000000000000000e+00 1.000000000000000000e+00
7.406454824376851320e-05 2.038966329109825892e-08 1.000000000000000000e+00 1.000000000000000000e+00
8.192421955754980445e-05 4.045681123443500837e-09 1.000000000000000000e+00 1.000000000000000000e+00
7.517278572777286172e-05 7.105766197668117456e-09 1.000000000000000000e+00 1.000000000000000000e+00
6.908077921252697706e-05 1.363570163448457606e-07 1.000000000000000000e+00 1.000000000000000000e+00
6.973504059715196490e-05 1.576884578469162079e-08 1.000000000000000000e+00 1.000000000000000000e+00
6.948998634470626712e-05 7.949646274596489093e-09 1.000000000000000000e+00 1.000000000000000000e+00
5.991876605548895895e-05 1.174753982979837019e-08 1.000000000000000000e+00 1.000000000000000000e+00
7.172062760218977928e-05 1.768864876794395968e-08 1.000000000000000000e+00 1.000000000000000000e+00
6.356187805067747831e-05 1.067421084854913715e-08 1.000000000000000000e+00 1.000000000000000000e+00
7.496901525883004069e-05 6.728650969733962484e-09 1.000000000000000000e+00 1.000000000000000000e+00
6.930224481038749218e-05 1.891977063905869727e-08 1.000000000000000000e+00 1.000000000000000000e+00
6.484615732915699482e-05 7.290736903087235987e-09 1.000000000000000000e+00 1.000000000000000000e+00
7.085765537340193987e-05 1.694338447322252250e-09 1.000000000000000000e+00 1.000000000000000000e+00
8.879971574060618877e-05 5.019481497114952617e-10 1.000000000000000000e+00 1.000000000000000000e+00
1.014003573800437152e-04 5.375973444188275607e-09 1.000000000000000000e+00 1.000000000000000000e+00
8.068879833444952965e-05 1.696780742577175261e-07 1.000000000000000000e+00 1.000000000000000000e+00
9.897010750137269497e-05 1.012763650720671649e-08 1.000000000000000000e+00 1.000000000000000000e+00
1.085512631107121706e-04 2.186541614435100200e-08 1.000000000000000000e+00 1.000000000000000000e+00
1.105355331674218178e-04 5.530567670497532617e-10 1.000000000000000000e+00 1.000000000000000000e+00
1.211862399941310287e-04 1.017163064886972279e-08 1.000000000000000000e+00 1.000000000000000000e+00
1.653754152357578278e-04 1.982471786732276087e-07 1.000000000000000000e+00 1.000000000000000000e+00
1.435765007045120001e-04 6.281690723142219213e-10 1.000000000000000000e+00 1.000000000000000000e+00
2.045991423074156046e-04 8.206436419300189300e-09 1.000000000000000000e+00 1.000000000000000000e+00
4.940178478136658669e-04 1.045129920385079458e-06 1.000000000000000000e+00 1.000000000000000000e+00
2.401038631796836853e-02 3.105255872999382600e-36 1.000000000000000000e+00 1.000000000000000000e+00
2.052544021606445312e+01 8.194575684683513828e-07 5.000000000000000000e-01 1.000000000000000000e+00
1.630967855453491211e-01 3.915160777978599072e-05 9.531250000000000000e-01 1.000000000000000000e+00
1.295158918946981430e-02 1.080557012755889446e-05 1.000000000000000000e+00 1.000000000000000000e+00
9.037200361490249634e-03 8.837050700094550848e-07 1.000000000000000000e+00 1.000000000000000000e+00
1.984643749892711639e-02 1.352943763777147979e-05 9.921875000000000000e-01 1.000000000000000000e+00
6.587229669094085693e-03 1.448610646548331715e-06 1.000000000000000000e+00 1.000000000000000000e+00
1.399442739784717560e-02 5.476191290654242039e-06 1.000000000000000000e+00 1.000000000000000000e+00
1.576993986964225769e-02 7.187985033851873595e-07 1.000000000000000000e+00 1.000000000000000000e+00
1.658691465854644775e-02 2.806110387609805912e-06 1.000000000000000000e+00 1.000000000000000000e+00
2.098352834582328796e-02 3.706036864059569780e-07 9.921875000000000000e-01 1.000000000000000000e+00
2.309286966919898987e-02 4.871419037044688594e-07 1.000000000000000000e+00 1.000000000000000000e+00
4.273375868797302246e-02 1.318210820500098635e-06 9.843750000000000000e-01 1.000000000000000000e+00
5.399763956665992737e-02 1.157722408606787212e-06 9.765625000000000000e-01 1.000000000000000000e+00
3.254749998450279236e-02 2.931466497102519497e-06 1.000000000000000000e+00 1.000000000000000000e+00
1.100183948874473572e-01 1.927819681668552221e-08 9.609375000000000000e-01 1.000000000000000000e+00
1.250349044799804688e+00 1.639523506164550781e+00 6.093750000000000000e-01 5.156250000000000000e-01
4.258219242095947266e+00 4.979490768164396286e-06 5.000000000000000000e-01 1.000000000000000000e+00
5.778595805168151855e-02 2.438894398437696509e-06 1.000000000000000000e+00 1.000000000000000000e+00
3.653557971119880676e-02 1.223116100845800247e-06 1.000000000000000000e+00 1.000000000000000000e+00
3.590407222509384155e-02 8.607653967374062631e-07 1.000000000000000000e+00 1.000000000000000000e+00
3.201235085725784302e-02 4.426038913152297027e-07 1.000000000000000000e+00 1.000000000000000000e+00
3.079046681523323059e-02 2.533337806198687758e-07 1.000000000000000000e+00 1.000000000000000000e+00
2.940414845943450928e-02 2.494660407137416769e-07 1.000000000000000000e+00 1.000000000000000000e+00
3.303144872188568115e-02 2.475816245350870304e-07 1.000000000000000000e+00 1.000000000000000000e+00
3.807710483670234680e-02 1.833156773045629961e-07 1.000000000000000000e+00 1.000000000000000000e+00
4.679166525602340698e-02 2.651156023603107315e-07 1.000000000000000000e+00 1.000000000000000000e+00
6.782973557710647583e-02 2.583795151167578297e-07 1.000000000000000000e+00 1.000000000000000000e+00
9.807328879833221436e-02 2.630500262057466898e-07 9.921875000000000000e-01 1.000000000000000000e+00
