6.889481544494628906e-01 6.918333768844604492e-01 5.546875000000000000e-01 4.843750000000000000e-01
6.910181641578674316e-01 6.837159991264343262e-01 5.507812500000000000e-01 5.937500000000000000e-01
6.907739639282226562e-01 6.824561953544616699e-01 5.625000000000000000e-01 6.041666865348815918e-01
6.906431913375854492e-01 6.813832521438598633e-01 5.546875000000000000e-01 6.054687500000000000e-01
6.910716295242309570e-01 6.804790496826171875e-01 5.531250238418579102e-01 6.218749880790710449e-01
6.916497349739074707e-01 6.797309517860412598e-01 5.442708134651184082e-01 6.197916865348815918e-01
6.921402812004089355e-01 6.798352003097534180e-01 5.379464030265808105e-01 6.250000000000000000e-01
6.921608448028564453e-01 6.791002750396728516e-01 5.322265625000000000e-01 6.367187500000000000e-01
6.923693418502807617e-01 6.793968677520751953e-01 5.303819179534912109e-01 6.371527910232543945e-01
6.922615766525268555e-01 6.791325807571411133e-01 5.273437500000000000e-01 6.390625238418579102e-01
6.926528811454772949e-01 6.793854236602783203e-01 5.198863744735717773e-01 6.335227489471435547e-01
6.931216120719909668e-01 6.787037253379821777e-01 5.117187500000000000e-01 6.380208134651184082e-01
6.933522820472717285e-01 6.783367991447448730e-01 5.054086446762084961e-01 6.430288553237915039e-01
6.934022307395935059e-01 6.782380938529968262e-01 5.033482313156127930e-01 6.450892686843872070e-01
6.933004856109619141e-01 6.777157187461853027e-01 5.041666626930236816e-01 6.489583253860473633e-01
6.932513117790222168e-01 6.773818731307983398e-01 5.063476562500000000e-01 6.533203125000000000e-01
6.931265592575073242e-01 6.767405271530151367e-01 5.091911554336547852e-01 6.580882072448730469e-01
6.931177973747253418e-01 6.765752434730529785e-01 5.117187500000000000e-01 6.588541865348815918e-01
6.931409239768981934e-01 6.760559082031250000e-01 5.111019611358642578e-01 6.628289222717285156e-01
6.936103105545043945e-01 6.753669381141662598e-01 5.050781369209289551e-01 6.710937619209289551e-01
6.936596632003784180e-01 6.751236319541931152e-01 5.059523582458496094e-01 6.711309552192687988e-01
6.937703490257263184e-01 6.749631166458129883e-01 5.035511255264282227e-01 6.718750000000000000e-01
6.938798427581787109e-01 6.751495599746704102e-01 5.033967494964599609e-01 6.711956262588500977e-01
6.937475800514221191e-01 6.749054789543151855e-01 5.045573115348815918e-01 6.738281250000000000e-01
6.937448978424072266e-01 6.744759082794189453e-01 5.046874880790710449e-01 6.768749952316284180e-01
6.939671635627746582e-01 6.741510629653930664e-01 5.030047893524169922e-01 6.760817170143127441e-01
6.942169666290283203e-01 6.739333271980285645e-01 5.000000000000000000e-01 6.776620149612426758e-01
6.940843462944030762e-01 6.737372279167175293e-01 5.022321343421936035e-01 6.785714030265808105e-01
6.941962242126464844e-01 6.735119819641113281e-01 5.018857717514038086e-01 6.794180870056152344e-01
6.942654252052307129e-01 6.732274293899536133e-01 5.015624761581420898e-01 6.802083253860473633e-01
6.944428682327270508e-01 6.731262803077697754e-01 4.989919364452362061e-01 6.794354915618896484e-01
6.945661306381225586e-01 6.728074550628662109e-01 4.975585937500000000e-01 6.845703125000000000e-01
6.944299936294555664e-01 6.725680232048034668e-01 4.997632503509521484e-01 6.856060624122619629e-01
6.945254802703857422e-01 6.724894642829895020e-01 5.004595518112182617e-01 6.875000000000000000e-01
6.945757865905761719e-01 6.722172498703002930e-01 4.997767806053161621e-01 6.910714507102966309e-01
6.947470903396606445e-01 6.718507409095764160e-01 4.982638955116271973e-01 6.940104365348815918e-01
6.948112845420837402e-01 6.718099713325500488e-01 4.987331032752990723e-01 6.959459185600280762e-01
6.946256756782531738e-01 6.715517640113830566e-01 5.014391541481018066e-01 6.990131735801696777e-01
6.947088241577148438e-01 6.715648174285888672e-01 5.006009340286254883e-01 6.995192170143127441e-01
6.947719454765319824e-01 6.715632677078247070e-01 5.001953244209289551e-01 6.996093988418579102e-01
6.948442459106445312e-01 6.712387800216674805e-01 5.000000000000000000e-01 7.016006112098693848e-01
6.950578093528747559e-01 6.710950136184692383e-01 4.977678656578063965e-01 7.031250000000000000e-01
6.950686573982238770e-01 6.711220145225524902e-01 4.983648359775543213e-01 7.031250000000000000e-01
6.950126290321350098e-01 6.708235740661621094e-01 4.994673430919647217e-01 7.070312500000000000e-01
6.950809955596923828e-01 6.706169247627258301e-01 4.979166686534881592e-01 7.093750238418579102e-01
6.951137185096740723e-01 6.704114675521850586e-01 4.974524378776550293e-01 7.099184989929199219e-01
6.951123476028442383e-01 6.702401041984558105e-01 4.978390932083129883e-01 7.111037373542785645e-01
6.951475143432617188e-01 6.699087619781494141e-01 4.978841245174407959e-01 7.132161259651184082e-01
6.952062845230102539e-01 6.698186397552490234e-01 4.972895383834838867e-01 7.136479616165161133e-01
6.953707933425903320e-01 6.696901917457580566e-01 4.959374964237213135e-01 7.137500047683715820e-01
6.954500675201416016e-01 6.695035099983215332e-01 4.954044222831726074e-01 7.150735259056091309e-01
6.955294013023376465e-01 6.693736314773559570e-01 4.953425526618957520e-01 7.151442170143127441e-01
6.956859827041625977e-01 6.690748929977416992e-01 4.936615526676177979e-01 7.178655862808227539e-01
6.957682371139526367e-01 6.688925623893737793e-01 4.932002425193786621e-01 7.193287014961242676e-01
6.958434581756591797e-01 6.685990691184997559e-01 4.927556812763214111e-01 7.213068008422851562e-01
6.959796547889709473e-01 6.684674620628356934e-01 4.914899468421936035e-01 7.218192219734191895e-01
6.961252093315124512e-01 6.681072711944580078e-01 4.904057085514068604e-01 7.239583134651184082e-01
6.961328983306884766e-01 6.679605841636657715e-01 4.897629320621490479e-01 7.249461412429809570e-01
6.962233781814575195e-01 6.678065061569213867e-01 4.888771176338195801e-01 7.269597649574279785e-01
6.963732242584228516e-01 6.674959063529968262e-01 4.872395694255828857e-01 7.291666865348815918e-01
6.965137124061584473e-01 6.672939062118530273e-01 4.859118759632110596e-01 7.307889461517333984e-01
6.965509057044982910e-01 6.671017408370971680e-01 4.853830635547637939e-01 7.321068644523620605e-01
6.967945694923400879e-01 6.668861508369445801e-01 4.832589328289031982e-01 7.333829402923583984e-01
6.969361305236816406e-01 6.667720675468444824e-01 4.827880859375000000e-01 7.353515625000000000e-01
6.970785856246948242e-01 6.666508913040161133e-01 4.817307591438293457e-01 7.360576987266540527e-01
6.972465515136718750e-01 6.663478016853332520e-01 4.809422492980957031e-01 7.386363744735717773e-01
6.973618865013122559e-01 6.661355495452880859e-01 4.791277945041656494e-01 7.395055890083312988e-01
6.975163221359252930e-01 6.658459901809692383e-01 4.778262972831726074e-01 7.414981722831726074e-01
6.977235078811645508e-01 6.656273007392883301e-01 4.759963750839233398e-01 7.427536249160766602e-01
6.979016065597534180e-01 6.655728220939636230e-01 4.743303656578063965e-01 7.430803775787353516e-01
6.980676651000976562e-01 6.653403639793395996e-01 4.730413854122161865e-01 7.440580725669860840e-01
6.982418894767761230e-01 6.651511192321777344e-01 4.722222089767456055e-01 7.458767294883728027e-01
6.984571218490600586e-01 6.648849844932556152e-01 4.716395437717437744e-01 7.476455569267272949e-01
6.986129283905029297e-01 6.647021770477294922e-01 4.704391956329345703e-01 7.491554021835327148e-01
6.988550424575805664e-01 6.645120382308959961e-01 4.689583480358123779e-01 7.504166960716247559e-01
6.990498900413513184e-01 6.642654538154602051e-01 4.683388173580169678e-01 7.518503069877624512e-01
6.993535757064819336e-01 6.639429926872253418e-01 4.666193127632141113e-01 7.534496784210205078e-01
6.995950937271118164e-01 6.636396646499633789e-01 4.650440812110900879e-01 7.552083134651184082e-01
6.998385787010192871e-01 6.633217930793762207e-01 4.633109271526336670e-01 7.577136158943176270e-01
7.000408768653869629e-01 6.631029844284057617e-01 4.622070193290710449e-01 7.595703005790710449e-01
7.002981901168823242e-01 6.628174781799316406e-01 4.606481492519378662e-01 7.611882686614990234e-01
7.004925012588500977e-01 6.626017689704895020e-01 4.589367508888244629e-01 7.625762224197387695e-01
7.007105350494384766e-01 6.623768210411071777e-01 4.578313231468200684e-01 7.641189694404602051e-01
7.010090947151184082e-01 6.620550155639648438e-01 4.559151828289031982e-01 7.658110260963439941e-01
7.012338638305664062e-01 6.619000434875488281e-01 4.546875059604644775e-01 7.672793865203857422e-01
7.014998793601989746e-01 6.615755558013916016e-01 4.533975422382354736e-01 7.692587375640869141e-01
7.017831206321716309e-01 6.613206863403320312e-01 4.520474076271057129e-01 7.711925506591796875e-01
7.019996047019958496e-01 6.611194014549255371e-01 4.506392180919647217e-01 7.725496888160705566e-01
7.023294568061828613e-01 6.608560681343078613e-01 4.483848214149475098e-01 7.747542262077331543e-01
7.025955319404602051e-01 6.606913805007934570e-01 4.465277791023254395e-01 7.762152552604675293e-01
7.028856277465820312e-01 6.604543924331665039e-01 4.447115361690521240e-01 7.774725556373596191e-01
7.031976580619812012e-01 6.601957082748413086e-01 4.427649378776550293e-01 7.793818116188049316e-01
7.034979462623596191e-01 6.600316166877746582e-01 4.412802457809448242e-01 7.802419066429138184e-01
7.037389278411865234e-01 6.597207188606262207e-01 4.397440254688262939e-01 7.817486524581909180e-01
7.040160894393920898e-01 6.594033241271972656e-01 4.381578862667083740e-01 7.837170958518981934e-01
7.043228745460510254e-01 6.590180993080139160e-01 4.361979067325592041e-01 7.856445312500000000e-01
7.045670151710510254e-01 6.587215662002563477e-01 4.352448582649230957e-01 7.875322103500366211e-01
7.048109173774719238e-01 6.584640145301818848e-01 4.346300959587097168e-01 7.887436151504516602e-01
7.050746083259582520e-01 6.580818295478820801e-01 4.336332082748413086e-01 7.907196879386901855e-01
7.053344249725341797e-01 6.577590703964233398e-01 4.321093857288360596e-01 7.920312285423278809e-01
