6.952803134918212891e-01 9.779810905456542969e-01 4.843750000000000000e-01 0.000000000000000000e+00
6.954303979873657227e-01 3.398975729942321777e-01 5.000000000000000000e-01 1.000000000000000000e+00
8.447185754776000977e-01 7.698597908020019531e-01 5.000000000000000000e-01 0.000000000000000000e+00
6.859539747238159180e-01 8.321921825408935547e-01 5.000000000000000000e-01 0.000000000000000000e+00
6.713321208953857422e-01 9.281318187713623047e-01 5.000000000000000000e-01 0.000000000000000000e+00
6.412342786788940430e-01 8.141033649444580078e-01 5.000000000000000000e-01 1.562500000000000000e-02
5.648643374443054199e-01 1.292421340942382812e+00 6.640625000000000000e-01 9.375000000000000000e-02
6.410914659500122070e-01 5.863982811570167542e-02 5.468750000000000000e-01 1.000000000000000000e+00
9.372410774230957031e-01 6.037245988845825195e-01 5.000000000000000000e-01 1.000000000000000000e+00
5.503174066543579102e-01 4.756034016609191895e-01 1.000000000000000000e+00 1.000000000000000000e+00
2.989342510700225830e-01 3.108915090560913086e-01 1.000000000000000000e+00 1.000000000000000000e+00
1.848785579204559326e-01 1.202564910054206848e-01 1.000000000000000000e+00 1.000000000000000000e+00
8.708745241165161133e-02 2.792436629533767700e-02 1.000000000000000000e+00 1.000000000000000000e+00
2.504597045481204987e-02 8.825014345347881317e-03 1.000000000000000000e+00 1.000000000000000000e+00
1.055662985891103745e-02 5.583809223026037216e-03 1.000000000000000000e+00 1.000000000000000000e+00
4.579094238579273224e-03 2.376330317929387093e-03 1.000000000000000000e+00 1.000000000000000000e+00
3.283878555521368980e-03 1.394404796883463860e-03 1.000000000000000000e+00 1.000000000000000000e+00
2.507647033780813217e-03 1.039713853970170021e-03 1.000000000000000000e+00 1.000000000000000000e+00
1.704410300590097904e-03 8.120971033349633217e-04 1.000000000000000000e+00 1.000000000000000000e+00
1.329944818280637264e-03 1.022295211441814899e-03 1.000000000000000000e+00 1.000000000000000000e+00
8.912148186936974525e-04 4.838652093894779682e-04 1.000000000000000000e+00 1.000000000000000000e+00
8.797330665402114391e-04 3.760723629966378212e-04 1.000000000000000000e+00 1.000000000000000000e+00
7.087063277140259743e-04 3.510805545374751091e-04 1.000000000000000000e+00 1.000000000000000000e+00
5.854670307599008083e-04 2.390451263636350632e-04 1.000000000000000000e+00 1.000000000000000000e+00
4.449942498467862606e-04 2.151513763237744570e-04 1.000000000000000000e+00 1.000000000000000000e+00
5.407608696259558201e-04 1.985431445064023137e-04 1.000000000000000000e+00 1.000000000000000000e+00
3.927094803657382727e-04 1.573379558976739645e-04 1.000000000000000000e+00 1.000000000000000000e+00
3.455336263868957758e-04 1.922191877383738756e-04 1.000000000000000000e+00 1.000000000000000000e+00
2.775822649709880352e-04 1.235938980244100094e-04 1.000000000000000000e+00 1.000000000000000000e+00
2.268250827910378575e-04 8.334657468367367983e-05 1.000000000000000000e+00 1.000000000000000000e+00
2.287857932969927788e-04 1.173389318864792585e-04 1.000000000000000000e+00 1.000000000000000000e+00
2.050278271781280637e-04 9.780994150787591934e-05 1.000000000000000000e+00 1.000000000000000000e+00
2.032476186286658049e-04 6.190343265188857913e-05 1.000000000000000000e+00 1.000000000000000000e+00
1.886419486254453659e-04 5.896721631870605052e-05 1.000000000000000000e+00 1.000000000000000000e+00
1.575851056259125471e-04 4.602240369422361255e-05 1.000000000000000000e+00 1.000000000000000000e+00
1.171394324046559632e-04 6.794837827328592539e-05 1.000000000000000000e+00 1.000000000000000000e+00
1.290921209147199988e-04 5.580034121521748602e-05 1.000000000000000000e+00 1.000000000000000000e+00
9.706311539048328996e-05 5.721428169636055827e-05 1.000000000000000000e+00 1.000000000000000000e+00
1.010465857689268887e-04 3.970554098486900330e-05 1.000000000000000000e+00 1.000000000000000000e+00
8.479037205688655376e-05 1.560593664180487394e-04 1.000000000000000000e+00 1.000000000000000000e+00
8.518063259543851018e-05 2.611565469123888761e-05 1.000000000000000000e+00 1.000000000000000000e+00
9.484157635597512126e-05 3.848007327178493142e-05 1.000000000000000000e+00 1.000000000000000000e+00
6.533507985295727849e-05 1.987043469853233546e-05 1.000000000000000000e+00 1.000000000000000000e+00
5.615906775346957147e-05 2.042933192569762468e-05 1.000000000000000000e+00 1.000000000000000000e+00
6.243029929464682937e-05 9.132684499491006136e-05 1.000000000000000000e+00 1.000000000000000000e+00
5.346993930288590491e-05 4.874425940215587616e-05 1.000000000000000000e+00 1.000000000000000000e+00
5.242531187832355499e-05 1.828549466154072434e-05 1.000000000000000000e+00 1.000000000000000000e+00
6.304173439275473356e-05 1.257946496480144560e-05 1.000000000000000000e+00 1.000000000000000000e+00
4.463185905478894711e-05 1.377864100504666567e-05 1.000000000000000000e+00 1.000000000000000000e+00
4.597111546900123358e-05 1.180907656816998497e-05 1.000000000000000000e+00 1.000000000000000000e+00
4.438465839484706521e-05 1.041440464177867398e-05 1.000000000000000000e+00 1.000000000000000000e+00
3.043412652914412320e-05 9.108196536544710398e-06 1.000000000000000000e+00 1.000000000000000000e+00
4.406430161907337606e-05 7.802556865499354899e-06 1.000000000000000000e+00 1.000000000000000000e+00
3.980913606937974691e-05 7.238360922201536596e-06 1.000000000000000000e+00 1.000000000000000000e+00
2.808684439514763653e-05 7.095241926435846835e-06 1.000000000000000000e+00 1.000000000000000000e+00
3.871563239954411983e-05 7.921571523183956742e-06 1.000000000000000000e+00 1.000000000000000000e+00
3.990708137280307710e-05 5.091947969049215317e-06 1.000000000000000000e+00 1.000000000000000000e+00
2.808783028740435839e-05 6.087719157221727073e-06 1.000000000000000000e+00 1.000000000000000000e+00
2.742163633229210973e-05 4.282013833289965987e-06 1.000000000000000000e+00 1.000000000000000000e+00
3.719771848409436643e-05 4.641370651370380074e-06 1.000000000000000000e+00 1.000000000000000000e+00
5.063140270067378879e-05 3.089852043558494188e-06 1.000000000000000000e+00 1.000000000000000000e+00
5.787864938611164689e-05 3.761239668165217154e-06 1.000000000000000000e+00 1.000000000000000000e+00
9.834769298322498798e-05 2.679232238733675331e-06 1.000000000000000000e+00 1.000000000000000000e+00
1.147543516708537936e-04 3.433460278756683692e-06 1.000000000000000000e+00 1.000000000000000000e+00
2.420036616967990994e-04 3.391543032194022089e-06 1.000000000000000000e+00 1.000000000000000000e+00
2.909653703682124615e-04 5.355289431463461369e-06 1.000000000000000000e+00 1.000000000000000000e+00
1.487309637013822794e-04 3.474507593637099490e-06 1.000000000000000000e+00 1.000000000000000000e+00
6.250332575291395187e-03 1.228457130491733551e-02 9.921875000000000000e-01 1.000000000000000000e+00
5.906376987695693970e-03 1.128451465604030091e-08 1.000000000000000000e+00 1.000000000000000000e+00
2.320573599945419119e-08 9.518723587120803131e-09 1.000000000000000000e+00 1.000000000000000000e+00
1.451993512091576122e-07 1.327849474819231546e-08 1.000000000000000000e+00 1.000000000000000000e+00
7.418785230584035162e-08 1.066383958914229879e-08 1.000000000000000000e+00 1.000000000000000000e+00
9.990405658300005598e-08 1.147716233163009747e-08 1.000000000000000000e+00 1.000000000000000000e+00
1.564018816679890733e-07 1.205309096974360727e-08 1.000000000000000000e+00 1.000000000000000000e+00
1.122847450574226968e-07 9.325461292064574081e-09 1.000000000000000000e+00 1.000000000000000000e+00
1.387866603863585624e-07 1.500840340895592817e-08 1.000000000000000000e+00 1.000000000000000000e+00
1.229313966177869588e-07 1.067186783387796822e-08 1.000000000000000000e+00 1.000000000000000000e+00
9.388386956743488554e-07 8.955829855494812364e-09 1.000000000000000000e+00 1.000000000000000000e+00
3.217006678823963739e-06 1.184889875105454848e-08 1.000000000000000000e+00 1.000000000000000000e+00
1.150703639723360538e-03 4.464368885237490758e-06 1.000000000000000000e+00 1.000000000000000000e+00
8.425387932220473886e-06 5.181828782951924950e-06 1.000000000000000000e+00 1.000000000000000000e+00
4.626830923371016979e-05 3.940273927582893521e-06 1.000000000000000000e+00 1.000000000000000000e+00
1.184060703963041306e-02 1.397862720489501953e+01 9.921875000000000000e-01 0.000000000000000000e+00
1.241460132598876953e+01 4.934028983116149902e-01 0.000000000000000000e+00 9.375000000000000000e-01
1.102632641792297363e+00 1.481878995895385742e+00 5.000000000000000000e-01 0.000000000000000000e+00
5.950902700424194336e-01 1.161945819854736328e+00 5.000000000000000000e-01 0.000000000000000000e+00
5.456721186637878418e-01 1.356122612953186035e+00 6.250000000000000000e-01 0.000000000000000000e+00
5.147315859794616699e-01 1.449902296066284180e+00 6.328125000000000000e-01 0.000000000000000000e+00
5.223875641822814941e-01 1.989159226417541504e+00 7.734375000000000000e-01 0.000000000000000000e+00
5.038154125213623047e-01 6.922657489776611328e-01 6.718750000000000000e-01 5.000000000000000000e-01
6.658208370208740234e-01 4.728307723999023438e+00 5.000000000000000000e-01 0.000000000000000000e+00
1.213777542114257812e+00 5.400307178497314453e-01 5.000000000000000000e-01 9.843750000000000000e-01
7.560577392578125000e-01 7.326721549034118652e-01 5.000000000000000000e-01 1.562500000000000000e-01
6.765744686126708984e-01 8.228093385696411133e-01 4.921875000000000000e-01 0.000000000000000000e+00
6.706497073173522949e-01 8.724528551101684570e-01 5.000000000000000000e-01 0.000000000000000000e+00
6.790760159492492676e-01 8.560173511505126953e-01 5.156250000000000000e-01 0.000000000000000000e+00
6.305308341979980469e-01 8.868795037269592285e-01 8.437500000000000000e-01 0.000000000000000000e+00
5.194833874702453613e-01 9.602786302566528320e-01 7.187500000000000000e-01 0.000000000000000000e+00
4.526777565479278564e-01 7.071514129638671875e-01 6.250000000000000000e-01 5.781250000000000000e-01
3.913094699382781982e-01 6.681361794471740723e-01 9.687500000000000000e-01 7.343750000000000000e-01
